anim_test 3 1 0 1
0 0 50 50
50 0 50 50
100 0 50 50
hero_idle 4 1.8 0 1
0 0 32 32
32 0 32 32
64 0 32 32
96 0 32 32
hero_run 4 1 0 1 
0 32 32 32
32 32 32 32
64 32 32 32
96 32 32 32
hero_attack 7 0.60 0 0
0 64 64 64
64 64 64 64
128 64 64 64
0 128 64 64
64 128 64 64
128 128 64 64
128 128 64 64
hero_death 5 1.5 0 0 
0 0 32 32
128 0 32 32
160 0 32 32
128 32 32 32
160 32 32 32
zombie_idle 4 1.8 0 1
0 0 32 32
32 0 32 32
64 0 32 32
96 0 32 32
zombie_run 4 1 0 1 
0 32 32 32
32 32 32 32
64 32 32 32
96 32 32 32
zombie_death 6 2 0 0 
128 0 32 32
160 0 32 32
128 32 32 32
160 32 32 32
128 64 32 32
160 64 32 32
zombie_hit 1 1 0 0 
64 0 32 32
zombie_attack 7 0.7 0 0 
0 64 32 32
32 64 32 32
64 64 32 32
96 64 32 32
0 96 32 32
32 96 32 32
64 96 32 32
magus_idle 4 1.8 0 1
0 0 32 32
32 0 32 32
64 0 32 32
96 0 32 32
magus_run 2 1 0 1 
0 32 32 32
32 32 32 32
magus_death 6 2 0 0 
128 0 32 32
160 0 32 32
128 32 32 32
160 32 32 32
128 64 32 32
160 64 32 32
magus_attack 10 1.1 0 0 
0 64 32 32
32 64 32 32
64 64 32 32
96 64 32 32
0 96 32 32
32 96 32 32
64 96 32 32
96 96 32 32
128 96 32 32
128 96 32 32
bullet 2 0.6 0 1 
0 0 32 32
32 0 32 32
mixture_idle 1 1 0 1
0 0 32 32
mixture_mark 1 1 0 1
0 32 32 32